ClrHome
SetUpEdáINSTL
SetUpEdáWOW
If dim(áWOW)=0 or dim(áINSTL)=0
Then
{1,1üáWOW
{0,0,0,0üáINSTL
End
If áINSTL(4)=1 and N=709 and O=709 and P=709
Goto AI
Menu("WOW Expansion 4","Install",IN,"Uninstall",UN,"Quit",RE
Lbl IN
If áINSTL(3)=0
Then
Disp "Need:","prgmWOWXPNS3
Pause 
ClrHome
Goto RE
End
4üáWOW(1)
4üáWOW(2)
1üáINSTL(4)
ClrHome
Disp "Installed.
Pause 
ClrHome
Lbl RE
ArchiveáINSTL
ArchiveáWOW
Return
Lbl AI
If áCACC(2)=4 and áCACC(3)=4
Then
[[3,3,3,3,3,3,3,3,3,3,3,3,3,3,3,2][0,0,0,0,0,0,0,0,0,0,0,0,0,0,0,1][0,0,0,0,0,0,0,0,0,0,0,0,0,0,0,1][0,0,0,0,0,0,0,0,0,0,0,0,0,0,0,1][0,0,0,0,0,0,0,0,0,0,0,0,0,0,0,1][0,0,0,0,0,0,0,0,0,0,0,0,0,0,0,1][0,0,0,0,0,0,0,0,0,0,0,0,0,0,0,1][0,0,0,0,0,0,0,0,0,0,0,0,0,0,0,1]]ü[A]
Return
End
If áCACC(2)=3 and áCACC(3)=4
Then
[[0,0,0,0,0,0,0,0,0,0,0,0,0,0,0,1][0,0,0,0,0,0,0,0,0,0,0,0,0,0,0,1][0,0,0,0,0,0,0,0,0,0,0,0,0,0,0,1][0,0,0,0,0,0,0,0,0,0,0,0,0,0,0,1][0,0,0,0,0,0,0,0,0,0,0,0,0,0,0,1][0,0,0,0,0,0,0,0,0,0,0,0,0,0,0,1][0,0,0,0,0,0,0,0,0,0,0,0,0,0,0,1][0,0,0,0,0,0,0,0,0,0,0,0,0,0,0,1]]ü[A]
Return
End
If áCACC(2)=2 and áCACC(3)=4
Then
[[0,0,0,0,0,0,0,0,0,0,0,0,0,0,0,1][0,0,0,0,0,0,0,0,0,0,0,0,0,0,0,1][0,0,0,0,0,0,0,0,0,0,0,0,0,0,0,1][0,0,0,0,0,0,0,0,0,0,0,0,0,0,0,1][0,0,0,0,0,0,0,0,0,0,0,0,0,0,0,1][0,0,0,0,0,0,0,0,0,0,0,0,0,0,0,1][0,0,0,0,0,0,0,0,0,0,0,0,0,0,0,1][0,0,0,0,0,0,0,0,0,0,0,0,0,0,0,1]]ü[A]
Return
End
If áCACC(2)=1 and áCACC(3)=4
Then
[[0,0,0,0,0,0,0,0,0,0,0,0,0,0,0,1][0,0,0,0,0,0,0,0,0,0,0,0,0,0,0,1][0,0,0,0,0,0,0,0,0,0,0,0,0,0,0,1][0,0,0,0,0,0,0,0,0,0,0,0,0,0,0,5][0,0,0,0,0,0,0,0,0,0,0,0,0,0,0,1][0,0,0,0,0,0,0,0,0,0,0,0,0,0,0,1][0,0,0,0,0,0,0,0,0,0,0,0,0,0,0,1][3,3,3,3,3,3,3,3,3,3,3,3,3,3,3,2]]ü[A]
Return
End
If áCACC(3)>4
prgmWOWXPNS5
Return
Lbl UN
If áINSTL(4)=0
Goto RE
{1,1,1,0üáINSTL
4üáWOW(1)
3üáWOW(2)
ClrHome
Disp "Uninstalled.
Pause 
ClrHome
Goto RE