ClrHome
SetUpEdáWOW
SetUpEdáINSTL
If dim(áWOW)=0 or dim(áINSTL)=0
Then
{1,1üáWOW
{0,0,0,0üáINSTL
End
If áINSTL(2)=1 and N=709 and O=709 and P=709
Goto AI
Menu("WOW Expansion 2","Install",IN,"Uninstall",UN,"Quit",RE
Lbl IN
If áINSTL(1)=0
Then
Disp "Need:","prgmWOWXPNS1
Pause 
ClrHome
Goto RE
End
4üáWOW(1)
2üáWOW(2)
1üáINSTL(2)
ClrHome
Disp "Installed.
Pause 
ClrHome
Lbl RE
ArchiveáINSTL
ArchiveáWOW
Return
Lbl AI
If áCACC(2)=3 and áCACC(3)=1
Then
[[1,0,0,0,0,0,0,0,0,0,0,0,0,0,0,0][1,0,0,0,0,0,0,0,0,0,0,0,0,0,0,0][1,0,0,0,0,0,0,0,0,0,0,0,0,0,0,0][1,0,0,0,0,0,0,0,0,0,0,0,0,0,0,0][1,0,0,0,0,0,0,0,0,0,0,0,0,0,0,0][1,0,0,0,0,0,0,0,0,0,0,0,0,0,0,0][1,0,0,0,0,0,0,0,0,0,0,0,0,0,0,0][1,0,0,0,0,0,0,0,0,0,0,0,0,0,0,0]]ü[A]
Return
End
If áCACC(2)=4 and áCACC(3)=1
Then
[[2,3,3,3,3,3,3,3,3,3,3,3,3,3,3,3][1,0,0,0,0,0,0,0,0,0,0,0,0,0,0,0][1,0,0,0,0,0,0,0,0,0,0,0,0,0,0,0][1,0,0,0,0,0,0,0,0,0,0,0,0,0,0,0][1,0,0,0,0,0,0,0,0,0,0,0,0,0,0,0][1,0,0,0,0,0,0,0,0,0,0,0,0,0,0,0][1,0,0,0,0,0,0,0,0,0,0,0,0,0,0,0][1,0,0,0,0,0,0,0,0,0,0,0,0,0,0,0]]ü[A]
Return
End
If áCACC(2)=3 and áCACC(3)=2
Then
[[0,0,0,0,0,0,0,0,0,0,0,0,0,0,0,0][0,0,0,0,0,0,0,0,0,0,0,0,0,0,0,0][0,0,0,0,0,0,0,0,0,0,0,0,0,0,0,0][0,0,0,0,0,0,0,0,0,0,0,0,0,0,0,0][0,0,0,0,0,0,0,0,0,0,0,0,0,0,0,0][0,0,0,0,0,0,0,0,0,0,0,0,0,0,0,0][0,0,0,0,0,0,0,0,0,0,0,0,0,0,0,0][0,0,0,0,0,0,0,0,0,0,0,0,0,0,0,0]]ü[A]
Return
End
If áCACC(2)=4 and áCACC(3)=2
Then
[[3,3,3,3,3,3,3,3,3,3,3,3,3,3,3,3][0,0,0,0,0,0,0,0,0,0,0,0,0,0,0,0][0,0,0,0,0,0,0,0,0,0,0,0,0,0,0,0][0,0,0,4,4,0,0,0,0,0,0,0,0,0,0,0][0,0,0,4,4,0,0,0,0,0,0,0,0,0,0,0][0,0,0,0,0,0,0,0,0,0,0,0,0,0,0,0][0,0,0,0,0,0,0,0,0,0,0,0,0,0,0,0][0,0,0,0,0,0,0,0,0,0,0,0,0,0,0,0]]ü[A]
Return
End
If áCACC(3)>2
prgmWOWXPNS3
Return
Lbl UN
If áINSTL(2)=0
Goto RE
{1,0,0,0üáINSTL
2üáWOW(1)
2üáWOW(2)
ClrHome
Disp "Uninstalled.
Pause 
ClrHome
Goto RE